% Layout
% step ex ey ez bx by bz "ion" "electron"
% timestep = 8.541188e-02
0 0.000000e+00 0.000000e+00 0.000000e+00 2.801200e+06 4.820000e+07 6.749999e+02 8.097744e+05 7.939358e+05
500 2.040699e+02 2.089942e+02 2.004973e+02 2.800486e+06 4.820008e+07 7.323788e+02 8.097928e+05 7.939277e+05
1000 3.217606e+02 3.218066e+02 2.576742e+02 2.800315e+06 4.820015e+07 7.690924e+02 8.098382e+05 7.937207e+05
1500 4.257496e+02 4.168346e+02 3.086267e+02 2.800873e+06 4.820023e+07 7.972950e+02 8.098841e+05 7.928312e+05
2000 5.194403e+02 5.130166e+02 3.544279e+02 2.800346e+06 4.820029e+07 8.168960e+02 8.099379e+05 7.930665e+05
2500 6.033733e+02 5.974208e+02 3.957943e+02 2.800243e+06 4.820036e+07 8.347652e+02 8.099967e+05 7.928952e+05
3000 6.798506e+02 6.662081e+02 4.328595e+02 2.800552e+06 4.820045e+07 8.524993e+02 8.100641e+05 7.923309e+05
3500 7.500677e+02 7.378038e+02 4.666963e+02 2.800000e+06 4.820050e+07 8.676211e+02 8.101437e+05 7.926580e+05
4000 8.149080e+02 8.069362e+02 4.969778e+02 2.799996e+06 4.820055e+07 8.848578e+02 8.102405e+05 7.924350e+05
4500 8.753766e+02 8.600542e+02 5.265349e+02 2.800107e+06 4.820058e+07 9.047870e+02 8.103590e+05 7.921161e+05
