# Index          LocalEnergy            Variance              Weight        NumOfWalkers      AvgSentWalkers         TrialEnergy             DiffEff      LivingFraction
         0   -3.6412616174e+02    1.2756900383e+01    2.5957679925e+06    2.5920000000e+06    0.0000000000e+00   -3.6395581351e+02    9.8483873689e-01    9.7621643519e-01
         1   -3.6423108857e+02    1.2767405619e+01    2.9871382297e+06    2.5920000000e+06    0.0000000000e+00   -3.5704850742e+02    9.8481866949e-01    9.9369367284e-01
         2   -3.6429702157e+02    1.2793165026e+01    2.9800515854e+06    2.9871930000e+06    7.3125000000e+00   -3.6438541546e+02    9.8481729286e-01    9.7478904108e-01
         3   -3.6435476826e+02    1.2803954232e+01    2.9724133831e+06    2.9796320000e+06    4.5275000000e+00   -3.6444881412e+02    9.8482840606e-01    9.7486635934e-01
         4   -3.6440188392e+02    1.2818764141e+01    2.9649148793e+06    2.9723020000e+06    4.4133333333e+00   -3.6450409774e+02    9.8481848216e-01    9.7479091963e-01
         5   -3.6444165184e+02    1.2804333193e+01    2.9573685472e+06    2.9648050000e+06    4.3858333333e+00   -3.6454868793e+02    9.8480517160e-01    9.7458517508e-01
         6   -3.6447715891e+02    1.2788129304e+01    2.9494315697e+06    2.9567830000e+06    4.5633333333e+00   -3.6458574643e+02    9.8481050037e-01    9.7473977630e-01
         7   -3.6450771931e+02    1.2798178045e+01    2.9417817816e+06    2.9491130000e+06    4.3658333333e+00   -3.6461865610e+02    9.8479958703e-01    9.7480903580e-01
         8   -3.6453985022e+02    1.2791514201e+01    2.9350372156e+06    2.9421710000e+06    4.2808333333e+00   -3.6464685980e+02    9.8479644640e-01    9.7484238680e-01
         9   -3.6456410729e+02    1.2798174617e+01    2.9278432183e+06    2.9350690000e+06    4.4100000000e+00   -3.6467657392e+02    9.8478325346e-01    9.7478934907e-01
        10   -3.6459177921e+02    1.2822536943e+01    2.9210394926e+06    2.9279800000e+06    4.2158333333e+00   -3.6469841280e+02    9.8479696304e-01    9.7479456827e-01
        11   -3.6461486144e+02    1.2841444341e+01    2.9140954597e+06    2.9210160000e+06    4.5158333333e+00   -3.6472370345e+02    9.8479234234e-01    9.7480123354e-01
        12   -3.6463360220e+02    1.2806086910e+01    2.9074026895e+06    2.9142930000e+06    4.2575000000e+00   -3.6474448143e+02    9.8478224855e-01    9.7502310166e-01
        13   -3.6464931191e+02    1.2855607528e+01    2.9012396355e+06    2.9081170000e+06    4.3200000000e+00   -3.6476110074e+02    9.8477586151e-01    9.7473382261e-01
        14   -3.6466592259e+02    1.2795283017e+01    2.8940623458e+06    2.9007530000e+06    4.1875000000e+00   -3.6477427501e+02    9.8478247294e-01    9.7480998899e-01
        15   -3.6468233118e+02    1.2806358626e+01    2.8879037265e+06    2.8944150000e+06    4.2166666667e+00   -3.6478869835e+02    9.8477773379e-01    9.7491479280e-01
        16   -3.6469890144e+02    1.2813187490e+01    2.8814513903e+06    2.8878460000e+06    4.5066666667e+00   -3.6480283481e+02    9.8478155117e-01    9.7501251798e-01
        17   -3.6471097908e+02    1.2782680853e+01    2.8753787247e+06    2.8817840000e+06    4.4450000000e+00   -3.6481730372e+02    9.8477894891e-01    9.7493739989e-01
        18   -3.6472288513e+02    1.2822259174e+01    2.8693609329e+06    2.8755980000e+06    4.3591666667e+00   -3.6482723248e+02    9.8477768903e-01    9.7492417229e-01
        19   -3.6473724996e+02    1.2801235346e+01    2.8627923032e+06    2.8688340000e+06    4.2083333333e+00   -3.6483678355e+02    9.8478707124e-01    9.7496509035e-01
        20   -3.6474740487e+02    1.2793690951e+01    2.8569395099e+06    2.8629460000e+06    4.1958333333e+00   -3.6484909387e+02    9.8476561821e-01    9.7514692907e-01
        21   -3.6476097381e+02    1.2793477170e+01    2.8517559977e+06    2.8575840000e+06    4.2600000000e+00   -3.6485737412e+02    9.8477307232e-01    9.7492147212e-01
        22   -3.6476993774e+02    1.2773826926e+01    2.8456542638e+06    2.8514570000e+06    4.1725000000e+00   -3.6486879664e+02    9.8477388129e-01    9.7496192297e-01
        23   -3.6478219868e+02    1.2746335921e+01    2.8394679203e+06    2.8450450000e+06    4.2083333333e+00   -3.6487550937e+02    9.8477582808e-01    9.7513114907e-01
        24   -3.6479001799e+02    1.2787035629e+01    2.8342800147e+06    2.8398680000e+06    4.3916666667e+00   -3.6488594899e+02    9.8477651134e-01    9.7511116714e-01
        25   -3.6479561046e+02    1.2774074331e+01    2.8285689800e+06    2.8341220000e+06    4.1025000000e+00   -3.6489174292e+02    9.8477099712e-01    9.7522301439e-01
        26   -3.6480229781e+02    1.2787379991e+01    2.8233532839e+06    2.8287660000e+06    4.1408333333e+00   -3.6489544377e+02    9.8476936627e-01    9.7510858091e-01
        27   -3.6480886223e+02    1.2752434646e+01    2.8182750358e+06    2.8235530000e+06    4.2175000000e+00   -3.6490028658e+02    9.8477083184e-01    9.7530558130e-01
        28   -3.6481718861e+02    1.2767955780e+01    2.8134797218e+06    2.8186230000e+06    4.3533333333e+00   -3.6490510344e+02    9.8477573820e-01    9.7528651402e-01
        29   -3.6482536529e+02    1.2769044242e+01    2.8089566171e+06    2.8139870000e+06    4.3541666667e+00   -3.6491178369e+02    9.8476864643e-01    9.7510578407e-01
        30   -3.6483390366e+02    1.2786059968e+01    2.8041989080e+06    2.8090820000e+06    4.3975000000e+00   -3.6491821577e+02    9.8477039093e-01    9.7525668528e-01
        31   -3.6483950137e+02    1.2786864250e+01    2.7993782843e+06    2.8042640000e+06    4.2800000000e+00   -3.6492503752e+02    9.8477625983e-01    9.7526195822e-01
        32   -3.6484227678e+02    1.2813944032e+01    2.7945885161e+06    2.7994670000e+06    4.2983333333e+00   -3.6492892316e+02    9.8476929614e-01    9.7523707191e-01
        33   -3.6484857468e+02    1.2808313749e+01    2.7900575928e+06    2.7947430000e+06    4.2625000000e+00   -3.6493000968e+02    9.8477748926e-01    9.7521024295e-01
        34   -3.6485237255e+02    1.2773523534e+01    2.7850365525e+06    2.7896910000e+06    4.1950000000e+00   -3.6493449825e+02    9.8475796845e-01    9.7539404902e-01
        35   -3.6485840209e+02    1.2778758499e+01    2.7811712308e+06    2.7856640000e+06    4.3333333333e+00   -3.6493685156e+02    9.8476681142e-01    9.7517539804e-01
        36   -3.6486351366e+02    1.2760245043e+01    2.7771304156e+06    2.7815070000e+06    4.1466666667e+00   -3.6494138770e+02    9.8476380201e-01    9.7525298336e-01
        37   -3.6486949761e+02    1.2748648833e+01    2.7732117351e+06    2.7774820000e+06    4.1841666667e+00   -3.6494505116e+02    9.8476800721e-01    9.7527544733e-01
        38   -3.6486895022e+02    1.2701841262e+01    2.7685576353e+06    2.7729510000e+06    4.2466666667e+00   -3.6494940244e+02    9.8477229249e-01    9.7543050707e-01
        39   -3.6487340659e+02    1.2751021630e+01    2.7650843398e+06    2.7692460000e+06    4.3866666667e+00   -3.6494751804e+02    9.8476964618e-01    9.7549766254e-01
        40   -3.6488006274e+02    1.2799037246e+01    2.7615719739e+06    2.7656350000e+06    4.2225000000e+00   -3.6495066960e+02    9.8476849815e-01    9.7533803268e-01
        41   -3.6488386251e+02    1.2777996493e+01    2.7575612355e+06    2.7615930000e+06    4.1125000000e+00   -3.6495586316e+02    9.8475843945e-01    9.7529252138e-01
        42   -3.6488516430e+02    1.2779849746e+01    2.7538933976e+06    2.7578910000e+06    4.2033333333e+00   -3.6495832151e+02    9.8475886028e-01    9.7545950873e-01
        43   -3.6488941498e+02    1.2761426430e+01    2.7504946126e+06    2.7543780000e+06    4.2050000000e+00   -3.6495834869e+02    9.8476288303e-01    9.7518205562e-01
        44   -3.6489040883e+02    1.2747187946e+01    2.7461940578e+06    2.7500320000e+06    4.1591666667e+00   -3.6496102027e+02    9.8476555400e-01    9.7528974208e-01
        45   -3.6489410757e+02    1.2744673931e+01    2.7425156753e+06    2.7461980000e+06    4.2100000000e+00   -3.6496061898e+02    9.8476036033e-01    9.7533863181e-01
        46   -3.6489814839e+02    1.2756459496e+01    2.7387960477e+06    2.7423870000e+06    4.1625000000e+00   -3.6496292902e+02    9.8475004036e-01    9.7546115847e-01
        47   -3.6490048878e+02    1.2746113838e+01    2.7350886788e+06    2.7386860000e+06    4.3633333333e+00   -3.6496561938e+02    9.8476963628e-01    9.7552877548e-01
        48   -3.6490132580e+02    1.2744681957e+01    2.7323265154e+06    2.7358800000e+06    4.2925000000e+00   -3.6496693466e+02    9.8476095396e-01    9.7549344269e-01
        49   -3.6490395162e+02    1.2729997025e+01    2.7287833676e+06    2.7322380000e+06    4.2700000000e+00   -3.6496643959e+02    9.8476925902e-01    9.7556179220e-01
        50   -3.6490488151e+02    1.2725413077e+01    2.7254378454e+06    2.7288540000e+06    4.2000000000e+00   -3.6496782610e+02    9.8477004145e-01    9.7559451697e-01
        51   -3.6490638599e+02    1.2772840118e+01    2.7225494573e+06    2.7259000000e+06    3.8933333333e+00   -3.6496767290e+02    9.8476789816e-01    9.7547158737e-01
        52   -3.6491114675e+02    1.2694088672e+01    2.7199017302e+06    2.7230700000e+06    4.2325000000e+00   -3.6496813865e+02    9.8477063535e-01    9.7537889221e-01
        53   -3.6491174215e+02    1.2750049002e+01    2.7160209385e+06    2.7192330000e+06    4.1483333333e+00   -3.6497148935e+02    9.8476150483e-01    9.7549639917e-01
        54   -3.6491606860e+02    1.2750214406e+01    2.7126547103e+06    2.7156960000e+06    4.2916666667e+00   -3.6497078316e+02    9.8476979612e-01    9.7556869399e-01
        55   -3.6491701466e+02    1.2708754726e+01    2.7100671748e+06    2.7131440000e+06    4.4041666667e+00   -3.6497416945e+02    9.8475543121e-01    9.7542850656e-01
        56   -3.6491938679e+02    1.2768705324e+01    2.7072469040e+06    2.7102060000e+06    4.2658333333e+00   -3.6497403205e+02    9.8476533031e-01    9.7546717851e-01
        57   -3.6492330167e+02    1.2757992110e+01    2.7042002117e+06    2.7070790000e+06    4.1200000000e+00   -3.6497524973e+02    9.8476976268e-01    9.7539562015e-01
        58   -3.6492415705e+02    1.2734153250e+01    2.7006169967e+06    2.7034780000e+06    4.0291666667e+00   -3.6497783351e+02    9.8474824277e-01    9.7564470656e-01
        59   -3.6492673337e+02    1.2782262105e+01    2.6979592395e+06    2.7007620000e+06    4.1575000000e+00   -3.6497768375e+02    9.8476258274e-01    9.7536732226e-01
        60   -3.6492998442e+02    1.2814072829e+01    2.6949342252e+06    2.6976260000e+06    4.1616666667e+00   -3.6497909824e+02    9.8476448038e-01    9.7561077777e-01
        61   -3.6492916044e+02    1.2774702605e+01    2.6926089049e+06    2.6953690000e+06    4.1800000000e+00   -3.6498151227e+02    9.8475024514e-01    9.7561335758e-01
        62   -3.6493242218e+02    1.2767576396e+01    2.6900768217e+06    2.6926890000e+06    4.1666666667e+00   -3.6497969350e+02    9.8474883083e-01    9.7557683045e-01
        63   -3.6493051104e+02    1.2749652719e+01    2.6876895129e+06    2.6903470000e+06    4.2600000000e+00   -3.6498208510e+02    9.8476624800e-01    9.7569384172e-01
        64   -3.6492944241e+02    1.2771161686e+01    2.6855116792e+06    2.6881310000e+06    4.2250000000e+00   -3.6497934994e+02    9.8475191121e-01    9.7567380459e-01
        65   -3.6492913093e+02    1.2742689078e+01    2.6831634060e+06    2.6857300000e+06    4.0350000000e+00   -3.6497738773e+02    9.8476909808e-01    9.7573285475e-01
        66   -3.6493345367e+02    1.2953248201e+01    2.6806492420e+06    2.6830640000e+06    4.1225000000e+00   -3.6497608310e+02    9.8477013402e-01    9.7565730821e-01
        67   -3.6493629759e+02    1.2736215629e+01    2.6784037350e+06    2.6807720000e+06    4.2150000000e+00   -3.6497955122e+02    9.8475277513e-01    9.7570737086e-01
        68   -3.6493523863e+02    1.2772500684e+01    2.6762189751e+06    2.6786510000e+06    3.9325000000e+00   -3.6498160364e+02    9.8475678213e-01    9.7567245602e-01
        69   -3.6493709782e+02    1.2739946788e+01    2.6735926557e+06    2.6759050000e+06    4.1091666667e+00   -3.6497951901e+02    9.8476910311e-01    9.7554995413e-01
        70   -3.6493700326e+02    1.2756792432e+01    2.6707754244e+06    2.6730670000e+06    4.3458333333e+00   -3.6498031706e+02    9.8476664111e-01    9.7568037015e-01
        71   -3.6494317072e+02    1.2737708061e+01    2.6690682156e+06    2.6711150000e+06    4.1741666667e+00   -3.6497949199e+02    9.8477440247e-01    9.7566184908e-01
        72   -3.6493860515e+02    1.2845474781e+01    2.6669727027e+06    2.6692940000e+06    4.1683333333e+00   -3.6498497748e+02    9.8476538345e-01    9.7552723679e-01
        73   -3.6493769123e+02    1.2821916098e+01    2.6642458368e+06    2.6664200000e+06    4.1291666667e+00   -3.6497933464e+02    9.8475730946e-01    9.7566362389e-01
        74   -3.6494103489e+02    1.2765694706e+01    2.6623727418e+06    2.6643890000e+06    4.0550000000e+00   -3.6497765873e+02    9.8475767749e-01    9.7580608537e-01
        75   -3.6494128245e+02    1.2741531542e+01    2.6605871092e+06    2.6626520000e+06    3.9166666667e+00   -3.6498035025e+02    9.8476419511e-01    9.7575537472e-01
        76   -3.6494103039e+02    1.2704215851e+01    2.6588877018e+06    2.6609320000e+06    4.0691666667e+00   -3.6497995163e+02    9.8475354563e-01    9.7583515851e-01
        77   -3.6494274172e+02    1.2747062940e+01    2.6578179347e+06    2.6597640000e+06    3.8716666667e+00   -3.6497926053e+02    9.8475126703e-01    9.7572641783e-01
        78   -3.6494269687e+02    1.2718189900e+01    2.6557172368e+06    2.6576830000e+06    4.1191666667e+00   -3.6498018915e+02    9.8475992452e-01    9.7582104412e-01
        79   -3.6494460049e+02    1.2736514579e+01    2.6543494055e+06    2.6562240000e+06    4.1875000000e+00   -3.6497959518e+02    9.8476038722e-01    9.7558639633e-01
        80   -3.6494585264e+02    1.2744480823e+01    2.6517325695e+06    2.6535640000e+06    4.2350000000e+00   -3.6498049688e+02    9.8476067821e-01    9.7584230115e-01
        81   -3.6494556011e+02    1.2825679559e+01    2.6503007564e+06    2.6521650000e+06    4.1800000000e+00   -3.6498122167e+02    9.8475970031e-01    9.7573001680e-01
        82   -3.6494689467e+02    1.2769426860e+01    2.6483466086e+06    2.6501480000e+06    4.1816666667e+00   -3.6498016834e+02    9.8476660910e-01    9.7570475309e-01
        83   -3.6494383507e+02    1.2728018007e+01    2.6465985914e+06    2.6484430000e+06    4.0966666667e+00   -3.6498085933e+02    9.8474643436e-01    9.7586921825e-01
        84   -3.6495010157e+02    1.2782518825e+01    2.6453037238e+06    2.6468990000e+06    4.2008333333e+00   -3.6497721657e+02    9.8475540097e-01    9.7572177858e-01
        85   -3.6495329749e+02    1.2741124066e+01    2.6437748897e+06    2.6453800000e+06    4.0433333333e+00   -3.6498290903e+02    9.8475687080e-01    9.7582464523e-01
        86   -3.6494944999e+02    1.2753154000e+01    2.6416821950e+06    2.6434940000e+06    4.1783333333e+00   -3.6498539176e+02    9.8477119387e-01    9.7584825235e-01
        87   -3.6494914188e+02    1.2790017511e+01    2.6402408306e+06    2.6419130000e+06    4.0858333333e+00   -3.6498094600e+02    9.8476579168e-01    9.7575582542e-01
        88   -3.6494942764e+02    1.2733298584e+01    2.6386064544e+06    2.6402220000e+06    4.1691666667e+00   -3.6497999763e+02    9.8476379260e-01    9.7588498240e-01
        89   -3.6495004537e+02    1.2866548508e+01    2.6373084488e+06    2.6388960000e+06    4.1858333333e+00   -3.6497978103e+02    9.8475942325e-01    9.7587362291e-01
        90   -3.6495106750e+02    1.2707044116e+01    2.6361665053e+06    2.6376910000e+06    4.0475000000e+00   -3.6497994203e+02    9.8477782688e-01    9.7576478822e-01
        91   -3.6495304463e+02    1.2734210259e+01    2.6346275704e+06    2.6361040000e+06    3.9350000000e+00   -3.6498036232e+02    9.8475641118e-01    9.7578737409e-01
        92   -3.6495154094e+02    1.2766410555e+01    2.6330465950e+06    2.6345650000e+06    4.0600000000e+00   -3.6498175545e+02    9.8475880249e-01    9.7578271935e-01
        93   -3.6495074355e+02    1.2736180065e+01    2.6314246451e+06    2.6329070000e+06    3.9775000000e+00   -3.6497962225e+02    9.8476177089e-01    9.7586166165e-01
        94   -3.6495144888e+02    1.2703758947e+01    2.6298896656e+06    2.6313190000e+06    4.1508333333e+00   -3.6497822154e+02    9.8476229379e-01    9.7594780412e-01
        95   -3.6495412437e+02    1.2738736597e+01    2.6287042259e+06    2.6300710000e+06    4.0508333333e+00   -3.6497845246e+02    9.8476028767e-01    9.7570331752e-01
        96   -3.6495185513e+02    1.2850257726e+01    2.6267021485e+06    2.6281240000e+06    4.0883333333e+00   -3.6498038739e+02    9.8475526430e-01    9.7577739863e-01
        97   -3.6495236901e+02    1.2746052701e+01    2.6247327721e+06    2.6260620000e+06    4.1200000000e+00   -3.6497733326e+02    9.8476222632e-01    9.7588061516e-01
        98   -3.6495566807e+02    1.2769925078e+01    2.6232051126e+06    2.6244350000e+06    4.0625000000e+00   -3.6497722739e+02    9.8475687887e-01    9.7589576423e-01
        99   -3.6495356296e+02    1.2765740851e+01    2.6220122019e+06    2.6233450000e+06    4.0425000000e+00   -3.6498011104e+02    9.8475614063e-01    9.7591738792e-01
       100   -3.6495448116e+02    1.2709443608e+01    2.6212234705e+06    2.6224200000e+06    4.0758333333e+00   -3.6497765325e+02    9.8474633080e-01    9.7586160874e-01
       101   -3.6495715809e+02    1.2738564145e+01    2.6269746254e+06    2.6211200000e+06    4.0841666667e+00   -3.6484266385e+02    9.8475895429e-01    9.7728947931e-01
       102   -3.6495303249e+02    1.2765628473e+01    2.6287140105e+06    2.6265440000e+06    4.1441666667e+00   -3.6491243694e+02    9.8475517804e-01    9.7662860398e-01
       103   -3.6495439903e+02    1.2744421613e+01    2.6296101380e+06    2.6287320000e+06    4.0108333333e+00   -3.6493673056e+02    9.8475044863e-01    9.7635209675e-01
       104   -3.6495584824e+02    1.2729424200e+01    2.6299890845e+06    2.6296140000e+06    4.0716666667e+00   -3.6494776509e+02    9.8474961391e-01    9.7627370405e-01
       105   -3.6495386919e+02    1.2796215586e+01    2.6302012747e+06    2.6302060000e+06    4.0825000000e+00   -3.6495468295e+02    9.8474963908e-01    9.7614103230e-01
       106   -3.6495167755e+02    1.2757274241e+01    2.6296864595e+06    2.6300340000e+06    4.0658333333e+00   -3.6495932092e+02    9.8477320505e-01    9.7610106942e-01
       107   -3.6495404087e+02    1.2811013187e+01    2.6287427212e+06    2.6292470000e+06    4.0316666667e+00   -3.6496209846e+02    9.8476497140e-01    9.7614297934e-01
       108   -3.6495612291e+02    1.2756517002e+01    2.6286434684e+06    2.6291220000e+06    4.0658333333e+00   -3.6496408459e+02    9.8474953663e-01    9.7590069993e-01
       109   -3.6495572509e+02    1.2748227658e+01    2.6280804072e+06    2.6285570000e+06    4.0425000000e+00   -3.6496571399e+02    9.8476276950e-01    9.7603399888e-01
       110   -3.6495675843e+02    1.2758137028e+01    2.6272815061e+06    2.6278470000e+06    4.0241666667e+00   -3.6496712751e+02    9.8475902292e-01    9.7602257666e-01
       111   -3.6495320843e+02    1.2764486688e+01    2.6266709002e+06    2.6273610000e+06    4.1175000000e+00   -3.6496828394e+02    9.8476129063e-01    9.7588911459e-01
       112   -3.6495366608e+02    1.2729119831e+01    2.6252856445e+06    2.6260850000e+06    4.2875000000e+00   -3.6496900209e+02    9.8474623304e-01    9.7583627339e-01
       113   -3.6495590069e+02    1.2753066282e+01    2.6246506737e+06    2.6253760000e+06    4.1366666667e+00   -3.6496947770e+02    9.8476632449e-01    9.7610323245e-01
       114   -3.6495766101e+02    1.2836065708e+01    2.6249629448e+06    2.6256490000e+06    4.0241666667e+00   -3.6497025349e+02    9.8476077528e-01    9.7590157710e-01
       115   -3.6495762013e+02    1.2782278816e+01    2.6240126322e+06    2.6246760000e+06    3.9708333333e+00   -3.6497061405e+02    9.8475467823e-01    9.7596350940e-01
       116   -3.6495874400e+02    1.2751037522e+01    2.6235294408e+06    2.6241830000e+06    4.0958333333e+00   -3.6497117602e+02    9.8475276963e-01    9.7591860019e-01
       117   -3.6495602961e+02    1.2744300572e+01    2.6224026439e+06    2.6231150000e+06    4.0633333333e+00   -3.6497142815e+02    9.8475239312e-01    9.7598160965e-01
       118   -3.6495614801e+02    1.2899755385e+01    2.6213727579e+06    2.6221950000e+06    4.1016666667e+00   -3.6497172576e+02    9.8476263853e-01    9.7593924174e-01
       119   -3.6495727478e+02    1.2766277660e+01    2.6208930807e+06    2.6216730000e+06    4.0283333333e+00   -3.6497196395e+02    9.8476082625e-01    9.7592911092e-01
       120   -3.6495385616e+02    1.2750781391e+01    2.6200231983e+06    2.6208500000e+06    3.9583333333e+00   -3.6497204946e+02    9.8476394437e-01    9.7608752886e-01
       121   -3.6495676275e+02    1.2729032745e+01    2.6193927564e+06    2.6202830000e+06    4.0300000000e+00   -3.6497224817e+02    9.8476240814e-01    9.7594725455e-01
       122   -3.6495568078e+02    1.2811960429e+01    2.6184368091e+06    2.6192550000e+06    4.0341666667e+00   -3.6497207773e+02    9.8476538241e-01    9.7588321870e-01
       123   -3.6495426247e+02    1.2735443085e+01    2.6178201175e+06    2.6186770000e+06    4.1183333333e+00   -3.6497218606e+02    9.8474603196e-01    9.7587216751e-01
       124   -3.6495872648e+02    1.2759285899e+01    2.6169802367e+06    2.6177770000e+06    3.9750000000e+00   -3.6497209885e+02    9.8475609665e-01    9.7600903362e-01
       125   -3.6495628376e+02    1.2760038239e+01    2.6163931502e+06    2.6171340000e+06    4.1300000000e+00   -3.6497203246e+02    9.8476072490e-01    9.7627098956e-01
       126   -3.6495584518e+02    1.2822188795e+01    2.6160219174e+06    2.6169060000e+06    3.9633333333e+00   -3.6497228252e+02    9.8476963877e-01    9.7597238877e-01
       127   -3.6496126178e+02    1.2865427220e+01    2.6158126187e+06    2.6165070000e+06    3.9891666667e+00   -3.6497235176e+02    9.8474999234e-01    9.7606236100e-01
       128   -3.6496242409e+02    1.2796348787e+01    2.6154718218e+06    2.6160280000e+06    4.0858333333e+00   -3.6497235891e+02    9.8475202295e-01    9.7605415538e-01
       129   -3.6496415811e+02    1.2828812784e+01    2.6149487341e+06    2.6154450000e+06    4.2283333333e+00   -3.6497249991e+02    9.8475004261e-01    9.7609049320e-01
       130   -3.6496081563e+02    1.2772847685e+01    2.6147053968e+06    2.6152350000e+06    4.1850000000e+00   -3.6497279799e+02    9.8475287270e-01    9.7584155917e-01
       131   -3.6496101955e+02    1.2743628852e+01    2.6137947388e+06    2.6143900000e+06    4.1300000000e+00   -3.6497288473e+02    9.8474802131e-01    9.7591445806e-01
       132   -3.6496225993e+02    1.2756290343e+01    2.6130627298e+06    2.6136200000e+06    4.0008333333e+00   -3.6497286999e+02    9.8474835635e-01    9.7597011042e-01
       133   -3.6496029054e+02    1.2837523032e+01    2.6120515455e+06    2.6126580000e+06    4.1825000000e+00   -3.6497277089e+02    9.8476518317e-01    9.7604164035e-01
       134   -3.6495974349e+02    1.2741300102e+01    2.6117045925e+06    2.6123340000e+06    4.1391666667e+00   -3.6497293658e+02    9.8474737425e-01    9.7602373969e-01
       135   -3.6495794518e+02    1.2793930760e+01    2.6107346145e+06    2.6114610000e+06    4.1616666667e+00   -3.6497281922e+02    9.8475210887e-01    9.7603984896e-01
       136   -3.6496163457e+02    1.2756008665e+01    2.6103335604e+06    2.6110130000e+06    4.0408333333e+00   -3.6497283729e+02    9.8474534832e-01    9.7594152155e-01
       137   -3.6495819816e+02    1.2775024767e+01    2.6094720075e+06    2.6101260000e+06    4.1708333333e+00   -3.6497262829e+02    9.8476788262e-01    9.7592491703e-01
       138   -3.6495973212e+02    1.2788775499e+01    2.6084210266e+06    2.6091150000e+06    4.0725000000e+00   -3.6497246187e+02    9.8475352197e-01    9.7592938602e-01
       139   -3.6495857696e+02    1.2811849782e+01    2.6075423332e+06    2.6082060000e+06    4.1133333333e+00   -3.6497223495e+02    9.8475550145e-01    9.7595473670e-01
       140   -3.6495830946e+02    1.2772799258e+01    2.6068255918e+06    2.6074980000e+06    4.0508333333e+00   -3.6497211728e+02    9.8476350500e-01    9.7598118963e-01
       141   -3.6495843966e+02    1.2725380147e+01    2.6059532201e+06    2.6066380000e+06    4.1966666667e+00   -3.6497190554e+02    9.8475784375e-01    9.7611367593e-01
       142   -3.6495909563e+02    1.2740415286e+01    2.6055210219e+06    2.6061950000e+06    4.1041666667e+00   -3.6497184172e+02    9.8475715850e-01    9.7605397908e-01
       143   -3.6496056474e+02    1.2727315624e+01    2.6049081077e+06    2.6055240000e+06    3.9966666667e+00   -3.6497168846e+02    9.8475810196e-01    9.7602286527e-01
       144   -3.6495765069e+02    1.2812674154e+01    2.6042566890e+06    2.6049020000e+06    4.0725000000e+00   -3.6497156411e+02    9.8476398320e-01    9.7604977078e-01
       145   -3.6495615136e+02    1.2766315363e+01    2.6040316203e+06    2.6047890000e+06    4.0158333333e+00   -3.6497166269e+02    9.8475940962e-01    9.7605756167e-01
       146   -3.6496012487e+02    1.2726096950e+01    2.6034184113e+06    2.6040930000e+06    3.9283333333e+00   -3.6497146790e+02    9.8475404128e-01    9.7605845874e-01
       147   -3.6495734245e+02    1.2667481775e+01    2.6027208644e+06    2.6033620000e+06    4.0941666667e+00   -3.6497122461e+02    9.8474994935e-01    9.7597260773e-01
       148   -3.6495523586e+02    1.2712234007e+01    2.6019771931e+06    2.6027290000e+06    3.9883333333e+00   -3.6497110011e+02    9.8474000122e-01    9.7617654393e-01
       149   -3.6496466108e+02    1.2795145490e+01    2.6022217709e+06    2.6028080000e+06    4.0408333333e+00   -3.6497118752e+02    9.8476249443e-01    9.7585684384e-01
       150   -3.6496731021e+02    1.2825580094e+01    2.6020582954e+06    2.6022820000e+06    4.1058333333e+00   -3.6497099805e+02    9.8475979797e-01    9.7592305523e-01
       151   -3.6496194127e+02    1.2801261345e+01    2.6013815435e+06    2.6016920000e+06    4.0300000000e+00   -3.6497096825e+02    9.8474929604e-01    9.7610824033e-01
       152   -3.6496202255e+02    1.2780924138e+01    2.6011951996e+06    2.6016840000e+06    4.1391666667e+00   -3.6497120549e+02    9.8474282964e-01    9.7586178798e-01
       153   -3.6495858483e+02    1.2786600483e+01    2.5998455584e+06    2.6003700000e+06    4.1858333333e+00   -3.6497083026e+02    9.8474925639e-01    9.7584459135e-01
       154   -3.6496182252e+02    1.2795663226e+01    2.5988529413e+06    2.5993780000e+06    3.9283333333e+00   -3.6497057535e+02    9.8476598812e-01    9.7594655337e-01
       155   -3.6496415341e+02    1.2837326014e+01    2.5978853253e+06    2.5982710000e+06    3.9875000000e+00   -3.6497020892e+02    9.8474595604e-01    9.7616337942e-01
       156   -3.6496385349e+02    1.2776485674e+01    2.5981060970e+06    2.5984450000e+06    4.2175000000e+00   -3.6497039111e+02    9.8474712952e-01    9.7619460870e-01
       157   -3.6496438654e+02    1.2838529319e+01    2.5980822019e+06    2.5984530000e+06    4.0091666667e+00   -3.6497054626e+02    9.8476224288e-01    9.7596916319e-01
       158   -3.6496081489e+02    1.2745625844e+01    2.5972851276e+06    2.5976680000e+06    4.0100000000e+00   -3.6497038577e+02    9.8474885060e-01    9.7586412120e-01
       159   -3.6496266502e+02    1.2802744511e+01    2.5964889306e+06    2.5968940000e+06    4.0966666667e+00   -3.6497023366e+02    9.8475523256e-01    9.7617384460e-01
       160   -3.6496556291e+02    1.2754163434e+01    2.5965384675e+06    2.5968500000e+06    4.1450000000e+00   -3.6497029822e+02    9.8474487156e-01    9.7606985386e-01
       161   -3.6496309329e+02    1.2753793154e+01    2.5964168425e+06    2.5967180000e+06    3.8750000000e+00   -3.6497035655e+02    9.8476409853e-01    9.7612524733e-01
       162   -3.6496226809e+02    1.2748864586e+01    2.5959654032e+06    2.5963670000e+06    4.2758333333e+00   -3.6497037375e+02    9.8474939871e-01    9.7599183783e-01
       163   -3.6496194664e+02    1.2762738073e+01    2.5954887829e+06    2.5958850000e+06    3.9575000000e+00   -3.6497029642e+02    9.8475440879e-01    9.7616573924e-01
       164   -3.6495918266e+02    1.2752282464e+01    2.5951308689e+06    2.5956570000e+06    4.0308333333e+00   -3.6497030065e+02    9.8475652158e-01    9.7600260743e-01
       165   -3.6496044765e+02    1.2844786098e+01    2.5939304256e+06    2.5944680000e+06    4.0333333333e+00   -3.6496992676e+02    9.8476565313e-01    9.7605520669e-01
       166   -3.6496419498e+02    1.2822195215e+01    2.5937513456e+06    2.5941390000e+06    4.2133333333e+00   -3.6496983979e+02    9.8477029310e-01    9.7619017331e-01
       167   -3.6496146302e+02    1.2734797969e+01    2.5934701822e+06    2.5938400000e+06    3.9233333333e+00   -3.6496978206e+02    9.8476234084e-01    9.7597538784e-01
       168   -3.6496081779e+02    1.2784216086e+01    2.5925715355e+06    2.5930100000e+06    4.0666666667e+00   -3.6496957298e+02    9.8475029150e-01    9.7599739299e-01
       169   -3.6496116740e+02    1.2819981464e+01    2.5918881807e+06    2.5923080000e+06    3.9941666667e+00   -3.6496937036e+02    9.8476080575e-01    9.7585356370e-01
       170   -3.6496051848e+02    1.2760946839e+01    2.5909154310e+06    2.5913080000e+06    4.0208333333e+00   -3.6496904152e+02    9.8476045931e-01    9.7612865781e-01
       171   -3.6496382433e+02    1.2850457207e+01    2.5907123363e+06    2.5910750000e+06    4.0458333333e+00   -3.6496901190e+02    9.8476076464e-01    9.7602307922e-01
       172   -3.6495903620e+02    1.2782680747e+01    2.5905713259e+06    2.5909430000e+06    4.0991666667e+00   -3.6496901056e+02    9.8476553412e-01    9.7606161154e-01
       173   -3.6495744459e+02    1.2813892033e+01    2.5896862700e+06    2.5902430000e+06    4.0708333333e+00   -3.6496883390e+02    9.8474807951e-01    9.7599375811e-01
       174   -3.6495801830e+02    1.2757857165e+01    2.5891567472e+06    2.5896960000e+06    4.0508333333e+00   -3.6496864900e+02    9.8477082873e-01    9.7595007290e-01
       175   -3.6495580566e+02    1.2761023794e+01    2.5880169888e+06    2.5886110000e+06    4.0825000000e+00   -3.6496823433e+02    9.8475124409e-01    9.7591449623e-01
       176   -3.6495589121e+02    1.2788174704e+01    2.5871620290e+06    2.5877660000e+06    4.0816666667e+00   -3.6496791967e+02    9.8475820211e-01    9.7612303431e-01
       177   -3.6495745435e+02    1.2798138634e+01    2.5867976270e+06    2.5873870000e+06    4.2383333333e+00   -3.6496775597e+02    9.8475832304e-01    9.7607393096e-01
       178   -3.6495745555e+02    1.2731191484e+01    2.5861559585e+06    2.5866850000e+06    4.0550000000e+00   -3.6496746893e+02    9.8476247129e-01    9.7586563497e-01
       179   -3.6495815321e+02    1.2744833872e+01    2.5847925347e+06    2.5852660000e+06    4.0608333333e+00   -3.6496692470e+02    9.8476281067e-01    9.7603225355e-01
       180   -3.6495924910e+02    1.2716168169e+01    2.5844583288e+06    2.5848570000e+06    4.1375000000e+00   -3.6496677089e+02    9.8476661109e-01    9.7610699547e-01
       181   -3.6496020678e+02    1.2755135706e+01    2.5840339270e+06    2.5844070000e+06    3.9200000000e+00   -3.6496660968e+02    9.8474676183e-01    9.7613495088e-01
       182   -3.6495752749e+02    1.2725902222e+01    2.5842468453e+06    2.5846300000e+06    4.0116666667e+00   -3.6496672192e+02    9.8474611701e-01    9.7597412396e-01
       183   -3.6495801422e+02    1.2778939152e+01    2.5830481977e+06    2.5835080000e+06    4.0216666667e+00   -3.6496632459e+02    9.8475949571e-01    9.7607632723e-01
       184   -3.6495577741e+02    1.2726968926e+01    2.5819957515e+06    2.5824770000e+06    4.1541666667e+00   -3.6496592953e+02    9.8475099374e-01    9.7618720322e-01
       185   -3.6495793642e+02    1.2777609321e+01    2.5814238725e+06    2.5819170000e+06    4.1158333333e+00   -3.6496572239e+02    9.8475928635e-01    9.7593609709e-01
       186   -3.6495960408e+02    1.2815507338e+01    2.5808672164e+06    2.5811890000e+06    4.1266666667e+00   -3.6496542387e+02    9.8475190530e-01    9.7599904540e-01
       187   -3.6496000221e+02    1.2774104383e+01    2.5806453925e+06    2.5809040000e+06    4.1316666667e+00   -3.6496532213e+02    9.8476358733e-01    9.7612038263e-01
       188   -3.6495608573e+02    1.2770533742e+01    2.5804657414e+06    2.5808400000e+06    4.0158333333e+00   -3.6496532477e+02    9.8475916367e-01    9.7611824057e-01
       189   -3.6495866572e+02    1.2727843490e+01    2.5809042828e+06    2.5812870000e+06    3.9825000000e+00   -3.6496552925e+02    9.8475667322e-01    9.7590930416e-01
       190   -3.6495997462e+02    1.2849084461e+01    2.5800364849e+06    2.5803500000e+06    4.0508333333e+00   -3.6496515327e+02    9.8476943424e-01    9.7609355320e-01
       191   -3.6496087198e+02    1.2765442353e+01    2.5797182498e+06    2.5799630000e+06    4.0108333333e+00   -3.6496501900e+02    9.8475124370e-01    9.7616710007e-01
       192   -3.6495691173e+02    1.2785450927e+01    2.5795361122e+06    2.5798530000e+06    4.0283333333e+00   -3.6496500596e+02    9.8476031416e-01    9.7611104199e-01
       193   -3.6495900676e+02    1.2738123771e+01    2.5794022894e+06    2.5797520000e+06    4.1816666667e+00   -3.6496500543e+02    9.8475503344e-01    9.7602947880e-01
       194   -3.6495999253e+02    1.2780920661e+01    2.5791149382e+06    2.5793690000e+06    4.0133333333e+00   -3.6496485261e+02    9.8474571640e-01    9.7598055959e-01
       195   -3.6496313616e+02    1.2858186167e+01    2.5787439163e+06    2.5788950000e+06    4.0875000000e+00   -3.6496468664e+02    9.8476115331e-01    9.7614986263e-01
       196   -3.6495876752e+02    1.2772738036e+01    2.5789570495e+06    2.5791540000e+06    4.0433333333e+00   -3.6496481477e+02    9.8475709528e-01    9.7606036708e-01
       197   -3.6495869674e+02    1.2726231392e+01    2.5784223923e+06    2.5787080000e+06    4.0391666667e+00   -3.6496470137e+02    9.8474105930e-01    9.7601318179e-01
       198   -3.6495974937e+02    1.2814039076e+01    2.5781759649e+06    2.5784580000e+06    4.1508333333e+00   -3.6496461817e+02    9.8476318854e-01    9.7604265805e-01
       199   -3.6496002871e+02    1.2747424135e+01    2.5780306581e+06    2.5782420000e+06    4.0208333333e+00   -3.6496454715e+02    9.8474561597e-01    9.7605694112e-01
       200   -3.6495716011e+02    1.2774187710e+01    2.5774398078e+06    2.5777350000e+06    4.0575000000e+00   -3.6496437351e+02    9.8477216996e-01    9.7599481716e-01
       201   -3.6496180048e+02    1.2717232275e+01    2.5773755771e+06    2.5775820000e+06    4.0375000000e+00   -3.6496433949e+02    9.8473666352e-01    9.7610396100e-01
       202   -3.6496265026e+02    1.2782277343e+01    2.5774887160e+06    2.5775880000e+06    4.1600000000e+00   -3.6496433854e+02    9.8475083807e-01    9.7615173565e-01
       203   -3.6495490097e+02    1.2781344085e+01    2.5775980920e+06    2.5778690000e+06    4.0366666667e+00   -3.6496448938e+02    9.8474195373e-01    9.7606782967e-01
       204   -3.6496107401e+02    1.2830645531e+01    2.5776787213e+06    2.5779980000e+06    4.0900000000e+00   -3.6496458862e+02    9.8475715904e-01    9.7596894955e-01
       205   -3.6495806640e+02    1.2759715902e+01    2.5767397311e+06    2.5769850000e+06    3.8641666667e+00   -3.6496417006e+02    9.8475787879e-01    9.7619660184e-01
       206   -3.6495771241e+02    1.2772448473e+01    2.5768854089e+06    2.5772180000e+06    4.0033333333e+00   -3.6496429365e+02    9.8474353680e-01    9.7596749673e-01
       207   -3.6495717354e+02    1.2793195194e+01    2.5762779280e+06    2.5766080000e+06    4.1341666667e+00   -3.6496406138e+02    9.8475540744e-01    9.7607629876e-01
       208   -3.6496404099e+02    1.2821123949e+01    2.5764913984e+06    2.5766490000e+06    4.0216666667e+00   -3.6496407838e+02    9.8474100101e-01    9.7606309590e-01
       209   -3.6496256721e+02    1.2768760181e+01    2.5767951956e+06    2.5768180000e+06    3.8966666667e+00   -3.6496414009e+02    9.8476488253e-01    9.7625365858e-01
       210   -3.6495866703e+02    1.2749815789e+01    2.5767089327e+06    2.5769350000e+06    4.1275000000e+00   -3.6496424412e+02    9.8476061473e-01    9.7616936399e-01
       211   -3.6495944240e+02    1.2769487939e+01    2.5766018861e+06    2.5768640000e+06    3.8683333333e+00   -3.6496426086e+02    9.8476112497e-01    9.7618423013e-01
       212   -3.6496404601e+02    1.2794620372e+01    2.5768421337e+06    2.5769700000e+06    3.9816666667e+00   -3.6496431068e+02    9.8475173586e-01    9.7613709124e-01
       213   -3.6496127280e+02    1.2802059333e+01    2.5766733085e+06    2.5767630000e+06    4.1200000000e+00   -3.6496424574e+02    9.8475129696e-01    9.7627954142e-01
       214   -3.6495781338e+02    1.2729397931e+01    2.5768024174e+06    2.5770650000e+06    3.8933333333e+00   -3.6496441843e+02    9.8474882196e-01    9.7593696705e-01
       215   -3.6495887610e+02    1.2746018815e+01    2.5764174015e+06    2.5767080000e+06    4.1183333333e+00   -3.6496431031e+02    9.8475653800e-01    9.7593557361e-01
       216   -3.6496219275e+02    1.2781987710e+01    2.5759000833e+06    2.5760630000e+06    4.1825000000e+00   -3.6496406003e+02    9.8475937402e-01    9.7599554048e-01
       217   -3.6496301697e+02    1.2812666246e+01    2.5753126004e+06    2.5753810000e+06    3.8783333333e+00   -3.6496380441e+02    9.8476210399e-01    9.7600005591e-01
       218   -3.6496099329e+02    1.2802392509e+01    2.5749151708e+06    2.5750000000e+06    4.1116666667e+00   -3.6496369356e+02    9.8475769621e-01    9.7621281553e-01
       219   -3.6496171903e+02    1.2729733276e+01    2.5751947999e+06    2.5753160000e+06    4.0475000000e+00   -3.6496385968e+02    9.8476098108e-01    9.7619127128e-01
       220   -3.6495948652e+02    1.2731889091e+01    2.5752211979e+06    2.5753910000e+06    4.0383333333e+00   -3.6496391463e+02    9.8475470524e-01    9.7607004140e-01
       221   -3.6496184548e+02    1.2797287382e+01    2.5752880619e+06    2.5754560000e+06    3.9908333333e+00   -3.6496397126e+02    9.8475441429e-01    9.7596309158e-01
       222   -3.6496181855e+02    1.2783227027e+01    2.5750368734e+06    2.5751180000e+06    3.8550000000e+00   -3.6496385259e+02    9.8476137791e-01    9.7587683361e-01
       223   -3.6496425195e+02    1.2796999164e+01    2.5742752916e+06    2.5742960000e+06    3.9600000000e+00   -3.6496356488e+02    9.8476320394e-01    9.7605714339e-01
       224   -3.6496163773e+02    1.2814311329e+01    2.5740428970e+06    2.5740730000e+06    4.0041666667e+00   -3.6496350908e+02    9.8474716380e-01    9.7615374545e-01
       225   -3.6496341523e+02    1.2751261713e+01    2.5739256563e+06    2.5739710000e+06    4.1125000000e+00   -3.6496351925e+02    9.8474940447e-01    9.7610462589e-01
       226   -3.6496232052e+02    1.2781733126e+01    2.5738069469e+06    2.5738360000e+06    4.0833333333e+00   -3.6496349507e+02    9.8474532139e-01    9.7606102331e-01
       227   -3.6496055442e+02    1.2733764481e+01    2.5735740656e+06    2.5736840000e+06    4.0241666667e+00   -3.6496347782e+02    9.8474510828e-01    9.7611828026e-01
       228   -3.6496031329e+02    1.2843747321e+01    2.5739442619e+06    2.5741040000e+06    4.0175000000e+00   -3.6496367361e+02    9.8476006721e-01    9.7597921452e-01
       229   -3.6496261959e+02    1.2781781374e+01    2.5739220529e+06    2.5740040000e+06    4.0850000000e+00   -3.6496365317e+02    9.8475037041e-01    9.7601907379e-01
       230   -3.6496326391e+02    1.2738354137e+01    2.5738229797e+06    2.5738380000e+06    4.1650000000e+00   -3.6496360495e+02    9.8475469825e-01    9.7609834030e-01
       231   -3.6496036052e+02    1.2767342722e+01    2.5738712159e+06    2.5739700000e+06    4.1375000000e+00   -3.6496368986e+02    9.8473251668e-01    9.7587928375e-01
       232   -3.6496381976e+02    1.2825987674e+01    2.5732751883e+06    2.5733310000e+06    4.0041666667e+00   -3.6496347958e+02    9.8475008696e-01    9.7591992635e-01
       233   -3.6496103330e+02    1.2731979682e+01    2.5725051491e+06    2.5725290000e+06    4.0350000000e+00   -3.6496318347e+02    9.8477026424e-01    9.7613787833e-01
       234   -3.6496065115e+02    1.2755796715e+01    2.5722322530e+06    2.5723690000e+06    3.8650000000e+00   -3.6496316246e+02    9.8474373739e-01    9.7614611279e-01
       235   -3.6496092216e+02    1.2779142318e+01    2.5720621476e+06    2.5722040000e+06    4.0008333333e+00   -3.6496311825e+02    9.8476154614e-01    9.7609404231e-01
       236   -3.6496049108e+02    1.2787184748e+01    2.5720186566e+06    2.5721410000e+06    4.0558333333e+00   -3.6496311058e+02    9.8475838756e-01    9.7612650317e-01
       237   -3.6496072872e+02    1.2764286807e+01    2.5718374220e+06    2.5719690000e+06    3.9716666667e+00   -3.6496306227e+02    9.8476999689e-01    9.7604831162e-01
       238   -3.6496285644e+02    1.2855444279e+01    2.5718251349e+06    2.5718700000e+06    4.0758333333e+00   -3.6496303895e+02    9.8475145541e-01    9.7607810659e-01
       239   -3.6495890175e+02    1.2747487622e+01    2.5717185415e+06    2.5718290000e+06    3.9525000000e+00   -3.6496303967e+02    9.8476080107e-01    9.7605633967e-01
       240   -3.6496261839e+02    1.2824550813e+01    2.5716125089e+06    2.5717350000e+06    4.0825000000e+00   -3.6496303473e+02    9.8476486090e-01    9.7617056190e-01
       241   -3.6496205064e+02    1.2764335886e+01    2.5719959276e+06    2.5720280000e+06    4.0016666667e+00   -3.6496315178e+02    9.8475591484e-01    9.7617211010e-01
       242   -3.6495974679e+02    1.2717009093e+01    2.5715636050e+06    2.5716840000e+06    4.0825000000e+00   -3.6496304728e+02    9.8475930171e-01    9.7601571577e-01
       243   -3.6496090355e+02    1.2843505318e+01    2.5715002686e+06    2.5716330000e+06    3.9691666667e+00   -3.6496305232e+02    9.8474798649e-01    9.7618750420e-01
       244   -3.6495950209e+02    1.2791330223e+01    2.5716485103e+06    2.5718100000e+06    4.0933333333e+00   -3.6496312968e+02    9.8476074242e-01    9.7602116797e-01
       245   -3.6495885439e+02    1.2743098671e+01    2.5715290407e+06    2.5717120000e+06    4.1716666667e+00   -3.6496310796e+02    9.8475523129e-01    9.7602219844e-01
       246   -3.6495898811e+02    1.2786965158e+01    2.5710485798e+06    2.5712580000e+06    4.0683333333e+00   -3.6496293798e+02    9.8476882036e-01    9.7608641373e-01
       247   -3.6496105559e+02    1.2825816194e+01    2.5707564205e+06    2.5709080000e+06    3.9875000000e+00   -3.6496280392e+02    9.8475106915e-01    9.7591979176e-01
       248   -3.6495964862e+02    1.2797798560e+01    2.5706216470e+06    2.5707090000e+06    3.9866666667e+00   -3.6496272946e+02    9.8475569354e-01    9.7604824194e-01
       249   -3.6496310575e+02    1.2752878412e+01    2.5704081715e+06    2.5704490000e+06    4.1116666667e+00   -3.6496264510e+02    9.8475238707e-01    9.7613529776e-01
       250   -3.6496237818e+02    1.2806452681e+01    2.5700962104e+06    2.5701030000e+06    4.0416666667e+00   -3.6496251766e+02    9.8476059939e-01    9.7605971434e-01
       251   -3.6495757953e+02    1.2745224692e+01    2.5700247915e+06    2.5701390000e+06    3.8866666667e+00   -3.6496256165e+02    9.8475934195e-01    9.7614603724e-01
       252   -3.6495842642e+02    1.2785340706e+01    2.5701962882e+06    2.5704250000e+06    3.9558333333e+00   -3.6496269772e+02    9.8476262160e-01    9.7611523386e-01
       253   -3.6495986680e+02    1.2783771355e+01    2.5701351839e+06    2.5703020000e+06    3.9333333333e+00   -3.6496264297e+02    9.8477687804e-01    9.7602810876e-01
       254   -3.6495947014e+02    1.2723504134e+01    2.5696422832e+06    2.5697720000e+06    4.1491666667e+00   -3.6496243545e+02    9.8475912139e-01    9.7610760799e-01
       255   -3.6495706075e+02    1.2710490407e+01    2.5690499713e+06    2.5692560000e+06    4.1100000000e+00   -3.6496224264e+02    9.8477343689e-01    9.7609385752e-01
       256   -3.6495722790e+02    1.2994066882e+01    2.5688222158e+06    2.5690940000e+06    4.0175000000e+00   -3.6496218495e+02    9.8475286727e-01    9.7633874043e-01
       257   -3.6495623360e+02    1.2765087617e+01    2.5690881501e+06    2.5693960000e+06    4.0058333333e+00   -3.6496229244e+02    9.8475370612e-01    9.7597411999e-01
       258   -3.6495624395e+02    1.2763743005e+01    2.5682295723e+06    2.5685240000e+06    4.1633333333e+00   -3.6496194414e+02    9.8474828994e-01    9.7599516298e-01
       259   -3.6495665795e+02    1.2818744030e+01    2.5677492728e+06    2.5680230000e+06    4.0841666667e+00   -3.6496173406e+02    9.8474560605e-01    9.7621477689e-01
       260   -3.6495959020e+02    1.2811882238e+01    2.5679831627e+06    2.5681870000e+06    3.9383333333e+00   -3.6496178316e+02    9.8475902935e-01    9.7597565909e-01
       261   -3.6495750205e+02    1.2713319957e+01    2.5672510147e+06    2.5673870000e+06    3.9641666667e+00   -3.6496145961e+02    9.8475820794e-01    9.7620537924e-01
       262   -3.6495467459e+02    1.2740827752e+01    2.5674052338e+06    2.5676870000e+06    4.0283333333e+00   -3.6496158270e+02    9.8475148327e-01    9.7609833286e-01
       263   -3.6496026679e+02    1.2753620330e+01    2.5670394698e+06    2.5672410000e+06    4.0208333333e+00   -3.6496140234e+02    9.8474965986e-01    9.7599952634e-01
       264   -3.6496044004e+02    1.2731118885e+01    2.5672307413e+06    2.5672310000e+06    3.9525000000e+00   -3.6496137465e+02    9.8475796004e-01    9.7602631006e-01
       265   -3.6496158834e+02    1.2770821111e+01    2.5665462990e+06    2.5665660000e+06    4.0341666667e+00   -3.6496112596e+02    9.8475032580e-01    9.7617010433e-01
       266   -3.6496317430e+02    1.2722872319e+01    2.5665301268e+06    2.5664670000e+06    3.9691666667e+00   -3.6496109869e+02    9.8475066814e-01    9.7619334283e-01
       267   -3.6496216914e+02    1.2780265179e+01    2.5664866559e+06    2.5664260000e+06    4.0891666667e+00   -3.6496110075e+02    9.8474994581e-01    9.7616568722e-01
       268   -3.6496283944e+02    1.2790463393e+01    2.5668215099e+06    2.5667560000e+06    4.0083333333e+00   -3.6496125659e+02    9.8476322195e-01    9.7616329717e-01
       269   -3.6496276272e+02    1.2764652234e+01    2.5670809018e+06    2.5669960000e+06    3.9833333333e+00   -3.6496137108e+02    9.8475775167e-01    9.7608527633e-01
       270   -3.6496076844e+02    1.2747878110e+01    2.5665433619e+06    2.5665120000e+06    3.9325000000e+00   -3.6496120721e+02    9.8475575821e-01    9.7617739562e-01
       271   -3.6496414728e+02    1.2743342061e+01    2.5669112583e+06    2.5668450000e+06    4.1458333333e+00   -3.6496136090e+02    9.8476328813e-01    9.7625957158e-01
       272   -3.6496016022e+02    1.2755813521e+01    2.5674640753e+06    2.5674440000e+06    4.1683333333e+00   -3.6496160632e+02    9.8475565698e-01    9.7623083503e-01
       273   -3.6496003114e+02    1.2745123416e+01    2.5676304189e+06    2.5677230000e+06    4.2266666667e+00   -3.6496174645e+02    9.8475492677e-01    9.7606945921e-01
       274   -3.6495925832e+02    1.2762474876e+01    2.5668181566e+06    2.5669410000e+06    3.9466666667e+00   -3.6496145005e+02    9.8475453163e-01    9.7601697896e-01
       275   -3.6496351619e+02    1.2798584896e+01    2.5660162557e+06    2.5660220000e+06    3.9258333333e+00   -3.6496109934e+02    9.8474171645e-01    9.7607035325e-01
       276   -3.6496670063e+02    1.2750869665e+01    2.5664565927e+06    2.5662300000e+06    4.0233333333e+00   -3.6496118328e+02    9.8475165661e-01    9.7621998028e-01
       277   -3.6496170989e+02    1.2783914256e+01    2.5667177596e+06    2.5665850000e+06    4.0700000000e+00   -3.6496134852e+02    9.8476360780e-01    9.7612937035e-01
       278   -3.6496281925e+02    1.2703639444e+01    2.5669953734e+06    2.5669580000e+06    4.0250000000e+00   -3.6496153834e+02    9.8476102997e-01    9.7606739183e-01
       279   -3.6496038313e+02    1.2814619778e+01    2.5669861366e+06    2.5669750000e+06    4.1200000000e+00   -3.6496156108e+02    9.8475623755e-01    9.7606793989e-01
       280   -3.6495906450e+02    1.2808815314e+01    2.5668877685e+06    2.5669850000e+06    4.0783333333e+00   -3.6496158709e+02    9.8475432962e-01    9.7614282904e-01
       281   -3.6496214397e+02    1.2822492292e+01    2.5675679773e+06    2.5676080000e+06    4.1375000000e+00   -3.6496183816e+02    9.8475420175e-01    9.7597063103e-01
       282   -3.6496238220e+02    1.2763548627e+01    2.5674051794e+06    2.5673450000e+06    4.0241666667e+00   -3.6496173679e+02    9.8474439557e-01    9.7634599168e-01
       283   -3.6496115300e+02    1.2804034790e+01    2.5677868964e+06    2.5678340000e+06    3.9825000000e+00   -3.6496194512e+02    9.8475365341e-01    9.7618966024e-01
       284   -3.6496139579e+02    1.2814202471e+01    2.5679553456e+06    2.5679830000e+06    4.0358333333e+00   -3.6496202212e+02    9.8475201270e-01    9.7607889149e-01
       285   -3.6496391121e+02    1.2800636205e+01    2.5678282561e+06    2.5677940000e+06    4.2025000000e+00   -3.6496196065e+02    9.8476487856e-01    9.7609270837e-01
       286   -3.6496355050e+02    1.2814863937e+01    2.5680083075e+06    2.5679020000e+06    4.0483333333e+00   -3.6496201602e+02    9.8474063876e-01    9.7610267058e-01
       287   -3.6496017219e+02    1.2821748355e+01    2.5680340133e+06    2.5680340000e+06    4.0883333333e+00   -3.6496209404e+02    9.8475948542e-01    9.7618684176e-01
       288   -3.6495849117e+02    1.2748433481e+01    2.5682898383e+06    2.5684380000e+06    3.9975000000e+00   -3.6496227576e+02    9.8475221480e-01    9.7615398931e-01
       289   -3.6496130515e+02    1.2752919000e+01    2.5682551694e+06    2.5683800000e+06    4.0208333333e+00   -3.6496225946e+02    9.8476080310e-01    9.7621302144e-01
       290   -3.6495863077e+02    1.2757246615e+01    2.5684063252e+06    2.5685260000e+06    3.9475000000e+00   -3.6496231367e+02    9.8476909548e-01    9.7604813033e-01
       291   -3.6495773279e+02    1.2731222683e+01    2.5679445709e+06    2.5681510000e+06    3.9050000000e+00   -3.6496217979e+02    9.8475720750e-01    9.7614236858e-01
       292   -3.6495868893e+02    1.2787464571e+01    2.5680632367e+06    2.5682550000e+06    4.0758333333e+00   -3.6496221835e+02    9.8475544293e-01    9.7607208007e-01
       293   -3.6496036928e+02    1.2737625313e+01    2.5679337529e+06    2.5680710000e+06    4.0416666667e+00   -3.6496214015e+02    9.8475851984e-01    9.7610268563e-01
       294   -3.6496175985e+02    1.2775117194e+01    2.5680808210e+06    2.5681340000e+06    3.9550000000e+00   -3.6496216311e+02    9.8474785335e-01    9.7626486780e-01
       295   -3.6496022261e+02    1.2795238995e+01    2.5687504276e+06    2.5688280000e+06    3.9625000000e+00   -3.6496244038e+02    9.8475323386e-01    9.7595167913e-01
       296   -3.6496170014e+02    1.2790036403e+01    2.5682056139e+06    2.5682480000e+06    4.1783333333e+00   -3.6496222866e+02    9.8476168984e-01    9.7622620557e-01
       297   -3.6496226809e+02    1.2774645892e+01    2.5685582397e+06    2.5685720000e+06    3.9816666667e+00   -3.6496236096e+02    9.8475826237e-01    9.7599249700e-01
       298   -3.6495929743e+02    1.2811532394e+01    2.5680744019e+06    2.5681510000e+06    4.0866666667e+00   -3.6496221059e+02    9.8475060086e-01    9.7606254461e-01
       299   -3.6496032749e+02    1.2992717742e+01    2.5680784677e+06    2.5681980000e+06    4.0308333333e+00   -3.6496224515e+02    9.8474735539e-01    9.7620822071e-01
